100
1111100001111010010000000101101000010010101111110100100100011111110111111100010000000110101011110100
0010110100100101001001010000110011000010101111001001101101100001101000010110110010000111011111001001
0111001111011011110101010111101110010111010110101111100111101010000011100011001100010001111111111110
0100101100001011001110011000101011001010010110110001010011001100110011010111100100001100011101110101
0010101001101001111100000100000001001101001101010000001011111111011100000110001101101010101010011101
1011101100001010000001011000001100111001110011111111100000100000111011100111001110000011001001010110
1101011110010111100001011101001110111001010001110110101010110111100001100100101111101100101110000000
1001111011100111011110001001010010101110001010111001001100111110100111110011001001110000011100101010
1001111100101011100111100001011011101001011001111100110100001101101001111011100000110100000111001001
1100011101000110010010001010010010010000100111100101001110010011000000011010100101001010010011101101
0111101100001100101111010110111100000111111000110011110101111101101000110000010011000010010100011011
0000101111000000000010111000001001110011110110110101010111111001111110101110101011111000110010111000
0101011011000101100000010001011101010011111101100100111110011101010011100011001011000111111001000001
0110011010010010110101110111000010011010011011110100011011111010010111101100011001001010101000001011
0111011011010001011110100000001010111110010010001110010011011100111100101110110000101110011111101011
0101010000000111101111100011101111100100100001111101011000011100010000001001010100000010011101001001
1010011011011001011100000001100000001110010110101011111101011011011000001011001110001111010111000000
0000101100110111101111111111110010000101110100010110101010111110011001110000000001011110101000101001
1001001011010101010011010111101001100101000110001000000001111001011001110101101011010010001111111011
0000101011000010100100011100010010001100000111101011011111011010011101110101011110111010111010111010
1011010001001111101011101001011110111101101011101101011111010110101011001110000011110010011010000010
1101011100111011001011101110100110010100111010000100010011001010010010000011011100111110111010110101
1011001110000110000111000110011100101010010101111100100110111011000101001011000101011001010011111111
1100111100101110111000011101110000000110100011110010011001111111011011001011100101110010100011011110
0100111011100010000000010011001001011100010001001101111110010100100000001111010000101011000110101101
1111000000001000001100010101100010110000001101011101101011101011000000111001100100010110010011110110
0011000001101100110100110000000000110110001011000001010001001101110101111011111011111101001111100110
1110101111100001100001100000001110101110001001001001011000100011001111011100000100001011001000101000
1001101101001010000001000101001101011101000111011001101101000010100110001010111011110000010011001011
1010000001011001011001010110111010010010000100001111010000001100111011011001101010010000000101110111
0011010101010010010111010010101100010000101100111001100101110000101100100011110010100011100101011100
1100011101111111100001010001111101101011111000111011110111010000111010001101110010001011100100011100
1001100011111110111111011000100100010000111000111000011110010001100100101001111001100010011101011001
1010000111010111111000101110101001101100000011100001011101101101011101101110101111011011101010111000
0001110001010001011100110010110110010010111001101001110101111100001011000100001101010110001101000101
0011101100101100010110011011010010100100110100111101100110011111111101110101010110000111100010101111
0001110100110100010110000101010111010000010010011011111100111101000000100101100011100111100000100110
0000101001011011110010010000110110100001000100011110100000011110100010110101100010110110111000001000
0110011010010100010101110111111100001100111101110101100111010100100001010010101000110101000011001001
1011000001001111011011000000001010110111111001000100000101111010100101011011110100111001110011100100
0011001101101010010100000100000011011111000101011001001010010001101110010000001100010010001001001110
1111001001111101111111000000110000100000111011001100000100111110100101000101100000000110101100110110
0101010110110000110001101011000010101011010110100000100101000011101001110001011011011000000011100100
0010011010101111011001011111011011010101110101001101000101000010111111100111011100010000111010001110
1011100000100010001010000001110001011011010011111010010010110110011001100111100000101101010011011111
0110001100000101000000010001000011110010011001000010111101001000110101000110010011001111111011111101
0010100010010111010101000111010000010010001010111110010101000100100101101010100001000010100010000010
0101110000101101001101111011001011011011001101001111010111010101000100000110110000001010011001101001
0010001111111110000010011101100100000110011001001101100000110011011001000000111001110010011110011111
0000001110111101101111001011000000101010010100110001111110011001110011010000111100111000100010101100
1011110011111000111011001100100011100101110001110011110000011010110100111101010011000001000100111101
1111110101010011010010010101101000111001100101000011110100110000011110000001101110001010001001101010
0111110011100101101101010111110001100101000010010101000111010011101111111101100010101110011100010111
0010111011001100011110011001111110101010110111110001100001110010000111101010111110100101000101110101
1010010101011100101101011101100001000010100110100001100000110111111111001010001001101101100011100001
1000011000001000110110100010010010011111110010111100111110011010001110111111100110111000001101101000
0110011111011000000111010001000111110000111011011000110010110101110110101000100100101100110110000011
1100101111011111111011000000111001000111010000111000000000010110100111000001010010010111110110000011
0110111000000011110100010010100111111111111111010000100111000011100011000100001011101110010011010011
0100100101010110010001100110100100010000000011010101011000110110111110110100101111010100110001010001
0110110010111000100110111101101100011010001000000010101010010100101010011011011000010010011001110011
1000001011011100100111100010111010010111011001011001101100011110111110110010110110000101100110111100
1101110110000011110010100110000110110101101100011010111100100010001011101101100111100010110110110000
1100001011101001110000110111111101110111001101110111110001110001100111011111001110001001011011111100
0101011110000000011000100011010000011100100100101110100101100111110000010000000011001000110101010010
0110100101110110110000000010101110000000111011000011011011101001001101101100000001100110000100000011
1110010011010011101101000110101010111110001101011100000011100011101010100010111101100111100101011100
0100111100000110001101000101000010100010011000010000110000100111000001001111110111110010000101001001
0001010101100010000100000001101111010000110101101110010001111000101100001011010101101001100000100010
0100001011111100101001011111001000000001110000011111000111010000000000101100011101011100010010010011
0010110101010101000010100110001000000010001011010011000001000000010010110001000001100100100100111011
0000101101100000000110011100101100110001111000000111111001101010011110011111111000101000010101100110
1110100011000001001001001101001110000010110110100000000101001000001100111111101101000010100000100010
0001110011011001011011010100111101110101100000100001111101000110000000110110000001110010110000000000
0110000001000000010001001001100111010000101101110010110010100101100100101011110111100100110110000111
1010100010000100100001011010101100110100000011001111010111111000011111111111011000101001110100101010
0011000000000010011101001110001010111011001000001110000111010111110011111111101111101110110101000001
1001100000111010010100010010010110000110100011010001100101100110000011100101000100010000100111111000
1101000000110100110010000101100110011111110001000101101101111100111001010010100111001001111101110100
0000010011100011011100001010110110100101010011010110110011001110100100100111011000011011101011101101
0100011000000010001100011101000010011011011110111001001011101100011110111000111011100001111000001100
1110100011011011010000000111011000010100001100011111111100011111111001011100111000111000101010001100
0011111000000110010111101110010001011101000001001010101000101111111001101111111000011101111100011110
0100011111111000101111001011011001001000111011110001101101000110010110100011000000100111011000000001
1101010011011110001010011001100010111110010011010101101011101000010001011010011001110001111011100100
0011101111110010111000101001100101110001111000011011001001111110101100001101100000010111100001011000
0001001101011000111011111100100110110001100100101000110010101100011011100110100001100101110010011110
1101001000011111011011001110000110000001000101000101011100101100000000101111001110001011011101000010
1010001000100001010000011011000111111010110110111110111110001010111110101100111001000110010101110000
0100000110001001011001101001001000000100100000101101010110110000001111101101100010110111101001011101
0111001101111001011110101010111001101011100100000101111010111011101010100111001011111110101110001010
0001000001011100000000110101111010110110011110110010000000011110100111101110111111111111111010101100
0101001111000011101100110011110010110111011010111001010101011010111100100001110000100110001101110110
1001001111110000110011100110000100110000101101101100110100000001110110100101011111000011011101010001
0001100111100100101011110101110110000010100111011110000110001010100100100010111010010001101010100111
1110100001011001110011001100101010000000101000111110001011001110110100010101110010110011110101110010
0101000010000100110110011111100010110111100010011000000111111110101111001000011011001011100011001010
1000010100111111010110011010010110111001011110011001000111110111001101101000001011110111000101000110
1010010111100000111110011111010111100111000100111100110001000000110111011001000110001001100000011000
1100101001111111100100110100110000011111011100000111100010001001101010111000110101011010110000010111
50
